#INFOFILE1.1 (UTF-8) - Do not remove this line!
FileIdent = IPGRoad 14.0
FileCreator = MotorcycleMaker Office 14.1.1
LibVersion = 14.1.1
Country = DEU
nLinks = 1
nJunctions = 0
nObjects = 76
nRoutes = 1
RoadNetworkLength = 523.13286034415
BBox = -10.0966031496464 420.39400669369 -244.911005825983 24.5792538111907 -11 11
Route.0.Length = 523.13286034415
RST.Unit = kmh
RST = 50 100 130 30 70 30 0 -1
Movie = 0.2 1 0.01 1.5 1.5 1 1
Visualization.SamplingParams = 0.2 1 0.01
Visualization.RoadsideWidth = 1.5 1.5
Visualization.RoadsideSlope = 1 1
Visualization.MovieNX.RenderMask = 4095
PathMode = -1
Terrain.Param = 50 25 300 100 0.75 0
Link.0.ID = 0
Link.0.Node0 = 0 0 0 0.41
Link.0.Node1 = 397.368448639312 -233.07155545297 0 285.235
Link.0.RST = Countryroad
Link.0.RL.ID = 1
Link.0.Seg.0.ID = 5
Link.0.Seg.0.Type = Straight
Link.0.Seg.0.Param = 150 0 0 0 0 0 0 0
Link.0.Seg.1.ID = 2
Link.0.Seg.1.Type = TurnRight
Link.0.Seg.1.Param = 238.063 75.175 0 0 0 0 0 0
Link.0.Seg.2.ID = 70
Link.0.Seg.2.Type = Straight
Link.0.Seg.2.Param = 60.782 0 0 0 0 0 0 0
Link.0.LaneSection.0.ID = 8
Link.0.LaneSection.0.Start = 0
Link.0.LaneSection.0.LaneL.0.ID = 9
Link.0.LaneSection.0.LaneL.0 = 0 3.5 3.5 0 0 0 0
Link.0.LaneSection.0.LaneL.0.ARP = 10 11 12 13 14 15
Link.0.LaneSection.0.LaneL.0.Width:
	74 -1 0 0 0 10 -999 -999 -999
	49 -1 0 1 0 10 -999 -999 -999
Link.0.LaneSection.0.LaneL.1.ID = 18
Link.0.LaneSection.0.LaneL.1 = 0 1 1 4 0 0 0
Link.0.LaneSection.0.LaneL.1.ARP = 19 20 21 22 23 24
Link.0.LaneSection.0.LaneL.2.ID = 26
Link.0.LaneSection.0.LaneL.2 = 0 2.5 2.5 5 0 0 0
Link.0.LaneSection.0.LaneR.0.ID = 27
Link.0.LaneSection.0.LaneR.0 = 0 3.5 3.5 0 0 0 0
Link.0.LaneSection.0.LaneR.0.ARP = 28 29 30 31 32 33
Link.0.LaneSection.0.LaneR.1.ID = 36
Link.0.LaneSection.0.LaneR.1 = 0 1 1 4 0 0 0
Link.0.LaneSection.0.LaneR.1.ARP = 37 38 39 40 41 42
Link.0.LaneSection.0.LaneR.2.ID = 44
Link.0.LaneSection.0.LaneR.2 = 0 2.5 2.5 5 0 0 0
LanePath.0 = 16 9 2 10 0.1 0.1 -1 -1
LanePath.1 = 25 18 0.25 10 0.1 0.1 -1 -1
LanePath.2 = 34 27 2 10 0.1 0.1 -1 -1
LanePath.3 = 43 36 0.25 10 0.1 0.1 -1 -1
Route.0.ID = 50
Route.0.Name = Route_50
Route.0.DrvPath.ID = 75
Route.0.DrvPath:
	16
RL.1.RoadMarking.0.ID = 17 9
RL.1.RoadMarking.0 = 0 0 0 1 0 1 0.15 0 1 0 0 2 4 1 1 0
RL.1.RoadMarking.0.Material.0 = 1.0,1.0,1.0 0 0 0 0 0 0 1 1 0 0 0
RL.1.RoadMarking.1.ID = 35 27
RL.1.RoadMarking.1 = 0 0 0 1 0 -1 0.15 0 1 0 0 2 4 1 1 0
RL.1.RoadMarking.1.Material.0 = 1.0,1.0,1.0 0 0 0 0 0 0 1 1 0 0 0
RL.1.RoadMarking.2.ID = 45 8
RL.1.RoadMarking.2 = 0 0 0 1 0 0 0.15 0 2 0 0 2 4 1 1 0
RL.1.RoadMarking.2.Material.0 = 1.0,1.0,1.0 0 0 0 0 0 0 1 1 0 0 0
MaxUsedObjId = 75
