#INFOFILE1.1 (UTF-8) - Do not remove this line!
TestRun.Name = MyPG_Weave
Vehicle = ExamplesMM/DemoMC_Ducati
Trailer =
Tire.0 = TireFront_DEMO
Tire.1 = TireRear_DEMO
Road.FileIdent = IPGRoad 14.0
Road.LibVersion = 14.1.1
Road.Country = DEU
Road.nLinks = 1
Road.nJunctions = 0
Road.nObjects = 63
Road.nRoutes = 0
Road.RoadNetworkLength = 950.696331163729
Road.BBox = -10.4133152307951 875.482020920317 -220.402353806969 49.3297100592823 -11 11
Road.GCSProjection.Method = PROJ
Road.GCSProjection.PROJ.String = +proj=tmerc +lat_0=43.9629434671683 +lon_0=12.6788468567622 +k_0=1 +x_0=0 +y_0=0 +ellps=WGS84 +units=m +no_defs
Road.RST.Unit = kmh
Road.RST = 50 100 130 30 70 30 0 -1
Road.Movie = 0.2 1 0.01 1.5 1.5 1 1
Road.Visualization.SamplingParams = 0.2 1 0.01
Road.Visualization.RoadsideWidth = 1.5 1.5
Road.Visualization.RoadsideSlope = 1 1
Road.Visualization.MovieNX.RenderMask = 4095
Road.PathMode = -1
Road.Terrain.Param = 50 25 300 100 0.75 0
Road.Link.0.ID = 0
Road.Link.0.Node0 = 0 0 0 3.385
Road.Link.0.Node1 = 859.396376483539 -203.731355321955 0 299.613586541562
Road.Link.0.RST = Countryroad
Road.Link.0.RL.ID = 1
Road.Link.0.Seg.0.ID = 5
Road.Link.0.Seg.0.Type = File
Road.Link.0.Seg.0.File = T3MisanoV2.kml
Road.Link.0.Seg.0.FileAddParam = -1 1 1 0 0
Road.Link.0.Seg.0.Param = 0 0 0 0 0 1 1 1
Road.Link.0.LaneSection.0.ID = 8
Road.Link.0.LaneSection.0.Start = 0
Road.Link.0.LaneSection.0.LaneL.0.ID = 18
Road.Link.0.LaneSection.0.LaneL.0 = 0 1 1 4 0 0 0
Road.Link.0.LaneSection.0.LaneL.0.ARP = 19 20 21 22 23 24
Road.Link.0.LaneSection.0.LaneL.1.ID = 26
Road.Link.0.LaneSection.0.LaneL.1 = 0 2.5 2.5 5 0 0 0
Road.Link.0.LaneSection.0.LaneR.0.ID = 27
Road.Link.0.LaneSection.0.LaneR.0 = 0 3.5 3.5 0 0 0 0
Road.Link.0.LaneSection.0.LaneR.0.ARP = 28 29 30 31 32 33
Road.Link.0.LaneSection.0.LaneR.0.Width:
	9 -1 0 0 0 10 -999 -999 -999
	10 -1 0 1 0 10 -999 -999 -999
Road.Link.0.LaneSection.0.LaneR.1.ID = 36
Road.Link.0.LaneSection.0.LaneR.1 = 0 1 1 4 0 0 0
Road.Link.0.LaneSection.0.LaneR.1.ARP = 37 38 39 40 41 42
Road.Link.0.LaneSection.0.LaneR.2.ID = 44
Road.Link.0.LaneSection.0.LaneR.2 = 0 2.5 2.5 5 0 0 0
Road.LanePath.0 = 25 18 0.25 10 0.1 0.1 -1 -1
Road.LanePath.1 = 34 27 2 10 0.1 0.1 -1 -1
Road.LanePath.2 = 43 36 0.25 10 0.1 0.1 -1 -1
Road.RL.1.RoadMarking.0.ID = 35 27
Road.RL.1.RoadMarking.0 = 0 0 0 1 0 -1 0.15 0 1 0 0 2 4 1 1 0
Road.RL.1.RoadMarking.0.Material.0 = 1.0,1.0,1.0 0 0 0 0 0 0 1 1 0 0 0
Road.RL.1.RoadMarking.1.ID = 45 8
Road.RL.1.RoadMarking.1 = 0 0 0 1 0 0 0.15 0 2 0 0 2 4 1 1 0
Road.RL.1.RoadMarking.1.Material.0 = 1.0,1.0,1.0 0 0 0 0 0 0 1 1 0 0 0
Road.MaxUsedObjId = 45
Vehicle.DriverTemplate.FName = TestRun
Vehicle.KnowledgeTemplate.Name = Knowledge
Vehicle.UserDriver.Long.FName =
Vehicle.Routing.Type = Route
Vehicle.Routing.ObjId = -1
Vehicle.StartPos.Type = Route
Vehicle.StartPos.ObjId = -1
Vehicle.StartPos = 0.00 0
Vehicle.StartPos.Orientation.Type = Relative
Vehicle.StartPos.Orientation = 0
DrivMan.nMan = 1
DrivMan.Man.Start.Velocity = 30
DrivMan.Man.Start.GearNo = 1
DrivMan.Man.Start.SteerAng = 0
DrivMan.Man.Start.LaneOffset = 0
DrivMan.Man.Start.OperatorActive = 1
DrivMan.Man.Start.OperatorState = drive
DrivMan.VhclOperator.Kind = IPGOperator 1
DrivMan.SelectorCtrlMapping.Kind =
DrivMan.Man.0.nLongSteps = 1
DrivMan.Man.0.nLatSteps = 1
DrivMan.Man.0.CombinedSteps = 1
DrivMan.Man.0.MaxExec = 1
DrivMan.Man.0.ConsiderDomain = own
DrivMan.Man.0.Transition.Interrupt = end
DrivMan.Man.0.Transition.EndCond = end
DrivMan.Man.0.Transition.SimultanStart = end
DrivMan.Man.0.LongStep.0.Dyn = Driver 1 0 350
DrivMan.Man.0.LatStep.0.Dyn = Step 0.0 0.0 1.0 abs 1
DrivMan.Man.0.LatStep.0.SteerMode = Torque
DrivMan.SpeedUnit = kmh
